34580243
34537687
34533009
34531473
34521503
34479384
34463361
34457175
34413641
34412844
34389551
34380542
34370058
34315232
34314020
34203025
34154588
34154580
34088615
34042860
34042851
34042656
34042654
34042633
34037121
34030088
34011315
34004154
33982076
33965933
33962894
33953307
33941721
33941093
33939750
33936477
33936408
33906069
33899216
33892565
33861200
33857641
33856930
33852560
33843592
33840077
33812388
33797494
33787612
33787290
33783520
33782552
33774204
33737422
33709383
33705435
33684867
33669353
33622827
33620208
33611523
33602206
33602191
33600229
33563328
33553421
33517413
33516767
33462075
33461686
33456613
33454343
33447854
33434221
33427686
33420345
33404959
33371633
33371223
33328057
33290189
33280100
33279426
33249389
33242775
33233016
33228770
33227764
33227750
33227729
33211841
33175157
33168004
33164728
33148237
33136133
33115424
33112253
33109167
33087618
33080397
33069228
33059694
33058101
33048353
33035176
33030437
33013892
33012555
33009698
33008388
32998170
32985439
32984901
32972655
32970576
32970560
32961505
32943029
32938448
32926203
32908282
32906153
32891598
32877460
32875505
32865129
32852616
32828460
32827095
32823309
32819359
32810611
32809995
32796054
32795356
32788083
32767599
32760101
32758874
32750010
32723855
32723854
32723853
32723850
32719880
32698869
32696255
32694787
32687152
32683220
32682801
32675264
32672922
32663144
32657917
32646414
32643142
32641063
32639862
32621068
32616597
32606065
32591104
32578562
32576202
32570513
32570470
32570442
32570440
32561151
32559680
32556680
32546511
32542571
32542028
32540845
32527370
32516052
32512185
32505209
32504098
32496207
32495732
32492716
32480191
32479504
32479177
32469412
32467108
32462640
32455477
32429208
32418412
32418341
32417930
32402986
32402396
32384187
32360959
32353635
32347813
32345697
32339787
32325045
32324659
32323000
32308847
32302788
32298972
32297727
32289310
32274495
32268390
32250332
32221627
32219721
32215893
32209826
32209622
32208481
32181003
32162661
32161232
32157259
32146211
32113620
32107356
32103347
32102812
32093909
32087007
32083350
32080330
32079814
32075633
32074651
32061798
32058105
32052311
32047014
32041606
32027357
32017213
32016407
32004709
32001608
31996264
31996250
31992301
31991420
31980111
31980099
31972381
31960021
31957783
31951474
31948487
31946154
31946150
31943116
31941346
31940390
31928849
31923817
31910877
31910811
31889371
31888718
31888658
31888630
31887234
31874937
31873951
31861851
31858588
31854128
31836327
31824670
31825465
31818828
31813935
31813672
31809810
31808902
31797077
31796574
31786147
31784992
31782128
31779539
31776551
31774483
31771961
31764194
31760677
31740425
31718627
31713997
31698230
31678305
31677530
31676110
31667818
31665226
31664998
31663394
31639695
31638592
31630113
31603516
31591640
31584836
31570649
31566464
31551011
31550176
31542695
31539636
31536025
31514906
31499565
31474516
31470936
31468698
31467053
31454273
31450082
31447425
31438367
31438332
31438307
31438300
31438055
31438040
31438010
31438003
31437937
31436850
31427312
31422572
31419982
31416398
31415503
31409338
31390471
31390464
31390040
31373352
31366355
31352483
31349285
31349259
31349256
31349252
31342450
31332724
31324371
31319943
31315138
31311532
31308202
31302885
31301550
31280376
31271152
31265323
31233922
31231890
31225983
31222574
31220101
31195874
31184788
31182084
31173516
31169426
31166283
31160318
31156121
31152039
31142493
31135500
31132456
31128820
31116569
31108217
31099672
31094727
31087071
31071456
31056590
31055764
31042645
31039120
31036280
31036278
31036276
31035968
31028626
31022752
31019657
30993633
30986823
30978378
30975233
30972543
30957270
30957213
30954467
30951010
30943572
30942715
30925592
30923275
30920408
30886704
30883583
30871679
30865769
30865675
30863847
30860866
30854455
30854436
30853573
30853049
30848966
30848694
30847962
30847730
30845242
30840549
30826137
30817187
30815130
30815121
30815111
30815104
30810428
30794236
30784421
30778576
30768429
30765279
30763325
30762572
30760508
30755218
30744674
30741234
30737104
30728187
30711389
30709348
30696607
30689648
30679068
30653704
30652587
30629520
30620691
30613823
30611648
30609176
30607806
30602195
30594185
30590557
30590545
30590113
30589648
30584171
30583957
30579672
30565275
30553130
30541375
30533043
30527100
30526596
30526010
30508992
30497872
30496446
30479202
30470687
30467609
30026931
30461166
30455177
30450123
30446581
30441609
30441340
30441085
30427913
30424999
30422263
30420372
30419934
30417258
30415712
30399617
30398456
30380996
30367589
30365175
30347342
30344618
30339893
30337072
30337066
30325190
30324429
30320756
30311556
30308542
30306931
30306914
30287426
30277176
30268289
30255252
30242817
30205730
30201679
30198324
30196708
30195983
30195845
30194058
30192688
30184559
30182736
30175925
30170106
30169413
30157917
30157510
30157499
30154183
30153926
30149460
30147058
30130758
30126421
30119845
30112769
30097499
30092398
30092014
30082061
30071264
30068267
30068013
30066031
30064703
30060109
30051227
30049693
30041919
30040678
30035456
30032965
30031290
30029922
30029644
30028418
30016815
30015498
29999223
29994279
29990071
29982627
29979618
29970009
29968669
29968623
29968619
29968613
29968609
29939764
29911471
29903475
29885121
29878944
29866980
29866965
29865245
29859050
29858041
29857460
29854271
29854232
29854222
29843767
29842924
29807323
29802177
29779717
29779675
29779129
29777325
29765586
29762678
29759263
29757360
29737468
29729488
29728257
29726429
29726357
29724445
29723607
29703254
29679019
29678073
29678062
29678061
29678006
29677989
29673604
29673601
29672288
29662064
29660772
29650315
29633737
29627817
29627462
29625364
29622668
29619552
29617846
29615380
29611430
29610038
29602434
29580243
29572729
29572314
29567970
29567071
29566730
29530224
29529203
29514353
29510896
29500626
29494497
29493361
29476702
29466097
29439755
29437032
29436466
29432374
29425636
29409033
29402220
29397021
29396748
29393997
29392487
29372263
29371241
29357912
29334865
29312655
29310993
29310966
29308597
29301713
29297754
29295464
29295417
29295290
29295282
29295253
29295247
29286945
29282068
29279179
29277941
29270959
29266376
29255109
29246790
29241659
29221787
29216923
29212546
29208620
29187186
29180545
29154810
29153116
29146562
29144250
29137965
29127566
29126196
29119468
29116993
29116992
29116390
29109115
29099982
29092054
29086587
29085544
29085542
29084041
29065633
29063553
29059819
29059331
29047372
29047367
29045651
29039778
29039372
29036778
29036406
29036296
29025024
29023338
28993124
28941535
28938302
28927681
28926488
28921727
28919570
28912085
28905978
28903861
28901643
28898990
28898984
28898688
28880900
28880046
28870378
28866768
28859829
28857983
28850380
28847546
28838801
28826081
28816851
28812013
28806954
28801393
28790039
28784130
28780550
28762222
28758325
28754813
28739290
28732477
28729309
28726979
28726971
28724368
28701276
28689924
28687210
28682837
28682835
28679926
28678669
28676311
28675426
28650347
28637180
28636060
28631355
28627737
28613188
28598775
28595742
28579532
28558697
28552118
28551002
28540393
28539087
28527501
28526667
28521519
28514250
28508255
28495347
28495043
28490271
28484067
28483544
28471111
28452888
28442454
28435501
28431442
28423861
28423852
28423827
28423745
28420257
28410780
28401622
28384212
28375780
28372958
28372580
28369712
28364355
28363285
28353488
28353386
28352926
28347447
28347441
28344159
28341799
28339701
28323801
28301336
28289775
28271120
28269970
28269968
28269917
28269911
28269846
28269822
28269529
28268853
28268851
28268850
28268133
28260403
28260402
28259309
28248127
28241943
28241942
28235017
28235012
28232035
28226257
28225495
28192551
28187294
28186076
28186023
28174820
28174819
28173888
28151991
28144682
28138886
28137782
28135050
28126703
28125977
28119992
28118919
28109276
28108796
28103562
28099325
28097288
28086985
28086200
28081896
28074750
28063462
28062527
28049635
28045703
28027460
28003248
27998283
27993764
27991844
27959579
27956247
27943097
27939413
27925423
27924347
27919382
27919368
27908334
27894220
27884165
27882560
27879369
27876174
27870815
27869877
27858402
27852639
27810995
27810154
27652908
27798385
27796841
26438655
27074952
27768662
27764107
27762202
27762199
27762192
27744235
27741994
27738950
27717240
27716243
27697417
27687751
27686851
27662397
27657685
27655897
27655861
27650757
27627195
27621144
27620980
27613793
27612533
27602553
27590919
27578533
27577433
27577430
27574325
27573324
27567534
27565996
27550299
27549364
27544412
27530457
27516495
27507653
27472483
27460182
27452661
27439359
27437061
27437059
27437042
27432608
27395371
27392258
27391204
27389248
27388877
27377285
27367877
27358356
27356060
27350464
27348761
27342444
27337939
27332403
27332393
27332389
27332381
27332343
27332299
27332264
27332181
27332170
27332161
27331353
27330074
27318874
27312955
27297679
27294383
27262365
27237003
27237001
27235214
27225572
27225565
27225551
27225197
27220195
27217196
27198585
27198103
27196358
27195318
27194173
27177868
27165881
27150690
27139380
27115778
27115219
27103198
27084617
27071942
27071880
27071879
27071877
27071189
27045070
27040831
27026616
27026611
27023676
27022069
27018900
27017041
27016226
27002413
27002076
26974710
26960378
26957320
26947174
26946141
26942417
26940673
26938783
26922491
26911288
26910512
26908201
26902081
26890621
26882784
26879848
26869776
26866515
26862136
26859297
26849166
26847229
26830286
26806716
26801983
26801630
26791569
26785109
26779689
26776186
26774796
26754540
26745122
26739873
26738965
26738186
26736485
26715550
26706047
26703244
26698001
26693249
26686690
26683678
26682677
26681782
26679719
26679006
26677188
26677185
26667939
26666295
26663307
26657465
26649071
26641555
26640914
26637722
26631354
26628336
26624960
26620881
26616284
26603750
26602064
26590498
26584662
26583630
26577424
26577423
26577265
26573247
26563776
26552646
26548400
26526278
26522641
26503385
26495797
26485894
26479996
26478982
26477805
26476896
26471846
26468133
26467327
26465928
26464185
26453910
26451983
26448796
26448791
26444813
26435116
26432676
26426317
26409750
26405864
26404957
26391731
26391638
26386548
26355756
26352903
26343972
26343669
26340243
26324831
26321486
26320825
26307007
26300010
26293857
26293850
26293824
26292334
26289926
26282115
26277614
26273671
26271408
26268680
26265968
26265269
26262500
26262410
26262387
26262353
26262337
26262330
26262328
26262327
26262259
26262257
26262255
26262252
26262249
26262193
26262174
26262150
26262138
26262127
26262124
26262060
26262058
26262056
26262054
26262052
26262023
26262020
26262017
26262008
26254876
26254699
26252383
26252212
26249200
26240823
26231078
26220142
26215518
26210424
26210422
26210413
26198303
26179879
26176945
26171078
26164958
26153015
26152955
26123906
26120354
26111857
26104739
26102327
26100619
26099735
26094821
26093694
26078774
26074445
26067402
26066306
26063272
26063261
26063257
26060294
26049311
26044758
26038029
26033298
26031886
26025118
26011435
26009977
25999073
25997633
25991268
25991219
25991178
25991163
25991140
25991139
25991131
25991115
25991114
25991107
25991104
25991103
25983133
25980875
25976208
25957374
25957371
25940856
25924825
25920928
25910540
25910264
25906831
25903564
25894382
25889930
25888762
25885639
25881043
25880555
25871487
25867906
25862764
25857515
25857393
25854539
25851559
25849969
25842015
25842005
25828519
25828092
25823003
25821512
25800333
25796455
25795687
25795645
25788508
25784063
25776925
25771757
25759182
25754360
25746461
25746363
25741865
25733741
25725592
25716407
25690983
25690266
25686367
25676981
25676955
25670230
25649843
25636039
25622766
25617015
25612791
25601332
25589914
25589912
25589911
25589905
25589216
25570946
25570663
25570541
25563450
25559934
25559011
27487706
27092468
26958306
26958298
26958259
26958233
26958174
25548316
25527871
25523129
25515217
25514212
25502493
25500093
25488235
25488229
25486890
25476738
25472887
25471545
25441328
25439006
25433372
25417190
25393733
25389326
25375683
25371347
25350475
25343579
25341163
25340811
25324555
25318641
25310224
25298820
25298816
25295746
25295291
25294109
25256067
25241155
25239862
25222426
25216665
25210009
25204001
25203647
25180831
25174321
25164256
25160371
25160333
25160229
25160215
25160209
25160150
25160145
25160141
25160138
25160137
25160135
25160134
25155103
25155030
25154668
25138244
25129416
25123736
25123728
25117087
25107862
25092226
25075529
25073180
25060108
25033122
25029521
25024770
25024768
25024245
25006140
25006138
25000007
24998515
24998452
24990290
24986116
24981988
24974220
24964780
24956470
24956454
24953511
24951906
24943563
24943549
24943543
24928174
24887722
24887521
24880002
24870413
24862891
24853036
24841952
24835146
24829154
24825692
24825687
24820921
24813474
24812614
24803473
24780721
24743084
24743079
24743076
24735772
24734127
24732516
24732291
24725517
24720863
24696314
24692180
24690586
24690506
24682670
24642339
24628772
24619755
24595132
24588436
24587668
24573598
24565021
24551420
24551401
24551334
24550565
24549460
24529409
24493079
24484781
24473550
24469683
24469569
24469568
24454577
24448278
24448277
24430017
24428295
24422989
24418755
24410995
25954452
25954391
25954360
25954334
24370382
24361389
24360668
24355978
24352597
24343740
24341061
24332380
24326766
24320436
24308799
24306021
24288574
24280769
24274431
24267258
24249835
24247227
24245371
24231797
24231796
24225610
24223984
24209941
24155791
24155790
24155789
24147323
24136634
24109937
24109935
24099472
24084507
24046235
24044145
24041341
24007454
24007449
24029855
24020989
24018243
23999670
23978487
23974559
23959843
23958964
23958768
23942331
23920924
23920894
23920886
23920868
23920862
23920830
23920829
23920805
23920776
23920748
23920727
23920721
23920702
23920690
23920682
23920651
23920614
23920613
23920612
23920606
23920594
23920583
23920558
23920553
23920544
23920511
23915178
23892207
23891086
23888641
23886921
23885450
23885449
23884510
23864421
23861123
23819699
23851288
23850383
23831104
23823433
23823394
23820348
23777368
23770027
23768119
23767418
23748395
23746723
23746663
23726754
23719861
23711193
23710725
23709583
23707417
23701819
23701343
23701342
23690340
23680580
23672360
23664455
23650494
23648123
23632737
23622342
23598353
23583423
23574764
23566021
23564633
23564631
23548888
23546485
23545327
23542995
23542991
23542986
23542985
23542984
23542978
23542977
23542973
23542971
23542967
23542966
23542959
23529464
23522434
23522021
23517767
23494998
23490305
23489761
23488679
23486822
23478865
23470696
23456293
23453760
23449852
23433082
23420793
23413790
23403141
23368970
23388270
23388269
23388267
23386469
23377779
23376273
23370903
23369845
23366362
23366361
23366354
23366340
23366321
23366138
23363406
23362892
23360424
23354988
23345346
23345182
23340826
23334353
23321963
23312553
23304364
23304357
23304342
23304288
23289448
23287490
23283561
23260466
23258612
23253913
23239213
23233599
23224715
23216205
23216061
23209715
23206649
23206574
23199936
23199102
23189531
23188624
23179020
23173873
23163835
23151728
23146420
23145874
23133591
23126650
23122302
23117101
23091171
23086092
23085139
23071713
23065430
23060419
23036149
23027477
23024353
22995208
22986907
22967231
22963261
22949084
22946065
22940670
22929351
22926539
22922173
22902117
22901989
22900537
22895813
22891236
22890350
22890019
22874408
22874400
22874303
22874295
22874288
22874282
22874280
22874262
22874258
22874257
22874239
22874238
22874236
22874235
22874228
22874225
22874218
22874209
22874202
22874201
22874200
22874199
22874162
22874160
22867107
22825528
22824935
22764618
22763356
22759239
22753421
22744961
22736635
22732023
22727613
22707745
22707744
22699871
22697157
22696609
22657916
22650767
22649859
22644714
22643764
22643058
22622270
22588608
22583578
22581038
22569097
22560899
22550953
22543363
22542812
22541749
22539083
22527780
22524982
22521718
22517594
22479598
22465039
22460565
22456088
22446516
22441377
22441162
22437074
22435964
22427342
22425993
22412052
22382578
22382396
22378958
22374346
22344611
22344504
22342733
22340746
22337186
22334639
22333264
22333210
22315259
22327043
22298145
22289097
22280864
22273798
22265814
22263779
22256271
22256269
22255809
22255723
22255679
22255587
22255545
22255443
22254322
22254263
22251188
22249147
22245207
22244191
22228252
22228216
22227106
22219234
22218625
22215056
22208711
22208710
23971142
23890337
23646071
22197115
22195174
22195151
22195122
22195063
22180871
22178295
22173711
22171864
22156811
22134094
22112994
22108789
22105216
22093102
22084264
22079242
22071011
22060071
22052900
22038386
22030803
22025430
22019280
22017267
22013816
22000677
21995101
21984590
21962009
21955415
21944664
21933571
21927560
21900133
21893916
21893906
21893896
21893895
21893878
21893865
21893841
21893840
21893837
21893801
21893796
21893787
21893783
21893730
21893728
21893726
21893725
21893723
21890874
21880231
21873367
21871407
21871401
21866099
21862598
21859604
21852412
21845286
21836453
21824386
21824385
21824384
21824383
21824382
21824381
21823567
21819293
21781318
21779899
21774031
21737844
21725046
21724741
21724740
21724635
21722571
21718114
21711418
21706869
21706868
21706867
21697292
21685628
21685619
21685614
21685609
21685604
21685143
21685142
21672910
21671021
21670615
21666142
21646000
21645330
21625656
21623186
21622934
21607909
21597105
21587117
21577077
21571746
21532087
21527112
21515542
21508414
21507102
21500611
21492832
21486882
21473813
21473812
21459250
21450231
21449956
21431604
21431598
21415065
21411805
21381452
21377180
21352401
21350096
21348556
21347076
21347012
21347009
21347008
21346995
21346956
21335767
21335691
21335682
21335680
21335316
21333589
21332247
21330682
21329520
21328209
21314226
21315295
21309474
21301364
21295752
21295751
21283005
21282546
21270188
21262782
21255259
21252053
21252052
21242557
21240001
21214905
21209300
21209144
22417821
21192315
21192204
21191168
21175409
21169159
21152885
21144494
21130902
21129354
21129352
21127096
21099543
21097208
21097150
21097149
21096763
21096762
21096115
21095978
21095909
21095686
21092484
21074978
21044357
21054631
21053810
21050535
21041176
21034668
20975538
20971621
20966148
20962137
20962125
20962124
20937478
20938571
20935301
20935277
20884377
20876410
20841862
20841808
20841804
20841798
20841797
20841776
20841679
20841648
20841414
20831834
20809668
20819850
20813491
20726735
20716737
20709437
20703767
20703637
20703589
20703572
20703517
20684873
20663469
20660523
20659848
20658943
20650007
20643719
20633949
20625625
20620167
20620098
20615815
20595312
20592007
20591882
20584702
20580939
20577020
20575725
20567167
20565752
20559990
20556656
20543371
20543357
20543346
20543343
20543306
20542673
20537756
20533024
20525164
20501721
20501532
20472412
20459437
20447720
20446631
20442149
20441116
20427164
20406119
20392667
20378739
20354229
20346591
20298540
20233670
20202142
20195678
20194152
20190054
20186242
20185360
20172991
20172878
20171929
20171142
20170806
20167457
20157137
20152342
20146803
20143221
20137027
20136650
20123575
20122820
20102616
20092090
20092088
20086264
20082700
20081712
20057251
20057246
20061045
20052893
20047686
20047248
20042533
21905331
21686212
20027382
20018588
20016902
20011809
20004039
19965086
19965084
19965056
19964740
19964213
19964000
19963960
19963582
19963580
19963579
22130215
19931193
19918239
19916868
19904563
19894486
19893857
19876665
19875425
19862578
19853059
19848563
19828364
19815452
19814826
19793233
19775330
19762108
19745395
19745394
19745390
19745377
19745375
19745353
19745260
19745244
19745240
19745235
19745233
19729288
19717794
19715591
19706588
19699052
19695779
19669915
19640779
19607934
19605799
19592889
19592888
19590027
19589006
19583554
19582980
19581618
19579216
19574749
19574617
19573118
19566021
19565690
19560717
19553768
19549022
19546483
19540738
19538046
19517102
19513957
20703599
19490770
19480378
19464941
19449621
19449620
19449616
19449614
20703621
19432790
19413926
19390110
19387508
19380944
19380930
19344008
21456107
19327863
19327326
19321009
19320785
19320669
19309514
19303167
19299787
19296790
19295034
19288645
19284074
19254310
19239725
19239365
19236537
19232877
19232279
19232073
19231678
19205683
19203329
19191726
19176797
19174365
19163876
19162603
19157969
19155380
19144188
19139461
19128270
19116712
20351952
20351913
20351875
20351854
20351823
19112602
19112012
19112011
19084367
19079439
19077802
19070934
19057443
19035808
19033747
19028922
19025506
19020690
19018919
19005309
19000935
18999283
18999277
18999252
18999221
18999215
18999181
18999178
18999166
18999116
18999099
18999073
18999059
18999052
18999047
18999022
18999020
18999012
18999006
18998973
18998911
18998900
18998875
18998853
18998832
18998797
18998791
18988320
18952945
18846483
18842457
18824133
18817503
18817494
18810409
18808463
18806335
18806332
18806327
18793426
18789660
18784850
18779072
18777966
18777424
18773781
18769182
18768304
18765090
18755995
18713526
18711242
18705736
18694272
18694237
18694182
18694071
18694002
18693940
18693918
18693881
18693791
18693788
18690370
18684251
18667084
18665429
18639487
18632329
18632325
18613991
18610609
18607953
18604761
18599150
18586740
18580428
18579840
18579839
18570547
18570166
18569855
18569853
18560119
18560081
18560079
18560078
18560073
18528510
18508152
18490078
18487843
18487818
18487803
18487792
18487762
18487760
18487754
18487742
18487733
18487730
18487728
18487726
18487722
18487721
18487718
18486413
18485762
18473092
18472180
18463794
18463000
18426545
18459185
18436915
18436911
18436907
18436904
18430291
18408515
18405258
18403987
18391644
18376040
18373141
18373135
18350446
18337188
18308982
18304288
18301226
18294057
18263947
18255342
18245864
18242967
18232267
18226244
18218176
18188916
18187311
18155109
18096465
18090514
18072580
18063351
18062784
18060611
18060610
18060608
18060606
18057933
17700909
17700908
18046940
18043980
18041285
18035864
18018702
18006383
18003232
18003165
18002824
18002823
18002818
18002814
18002813
18002809
18002768
17997291
17977688
17970858
17968772
17947627
17946818
17946792
17946791
17946123
17945725
17938782
17938771
17911954
17911872
17911853
17911842
17911838
17911837
17911834
17911833
17911832
17904897
17900483
17873262
17867359
17853933
17853927
17825016
17823111
17722972
17719123
17712087
17711880
17711879
17707617
17701828
17700548
17697328
17681889
17652015
17625469
17623086
17613249
17612473
17610221
17606400
17600762
17600114
17591605
17583166
17583164
17576021
17572880
17567228
17560066
17545496
17545348
17526548
17521463
17494893
17489225
17488517
17468357
17466755
17460131
17460130
17460127
17449788
17447672
17445004
17441606
17436776
17413506
17402909
17393188
17388194
17361450
17347755
17339901
17323032
17316676
17302768
17294309
17293167
17285006
17249408
17249407
17249406
17249403
17238779
17238710
17238621
17238586
17238577
17238566
17238503
17238474
17238455
17238415
17238404
17238399
17238386
17238350
17238334
17238305
17238293
17225631
17224982
17215693
17213489
17180651
17180650
17157076
17146488
17121675
17119186
17112425
17108752
17108608
17108566
17108565
17102512
17102360
17102296
17102236
17102233
17102231
17102230
17102226
17102222
17095817
17095809
17092998
17087835
17078955
17072278
17068345
17063411
17063102
17053619
17051299
17051298
17051290
17036682
17036597
17023408
17009449
17004967
16996808
16982354
16981983
16964873
16964364
16964354
16955125
16955061
16955060
16955059
16929045
16920013
16916106
16899412
16885256
16879097
16878005
16873470
16871730
16870500
16849918
16849914
16848966
16843771
16843770
16834566
16834525
16821177
16787957
16780614
16779432
16779188
16779132
16779115
16779096
16779090
16779073
16779060
16755317
16752066
16752059
16720257
16718513
16707948
16689261
16686404
16649205
16627835
16627196
16622162
16622161
16605169
16597341
16595647
16586387
16585104
16573720
16554693
16548408
16542197
16538290
16533386
16525708
16525686
16509967
16507723
16501178
16500251
16493271
16445259
16426446
16423119
16410126
16379373
16379371
16379370
16364282
16361631
16359559
16357360
16357350
16353373
16350917
16342920
16336000
16329715
16320177
16292046
16287885
16282664
16280394
16278128
16259862
16244846
16223951
16213692
16207103
16205879
16198998
16192596
16189973
16189365
16189364
16181180
16169768
16167689
16147481
16142250
16128621
16127830
16115795
16045084
16043084
16043083
16027591
16003054
15992461
15973552
15966784
15965810
15953000
15949170
15935965
15928265
15927176
15924176
15923728
15921840
15917044
15915333
15911723
15905483
15886433
15885563
15878052
15875178
15863974
15857228
15853252
15848267
15846970
15846701
15838410
15830174
15825497
15810517
15802486
15802481
15802474
15775829
15774562
15772511
15770911
15765230
15762903
15755945
15753744
15737299
15731974
15727368
15726857
15718622
15718609
15718594
15712589
15694882
15694881
15694636
15694613
15694499
15689647
15669584
15648045
15648041
15647224
15640923
15623266
15610383
15609742
15595945
15537221
15537220
15537217
15537211
15537204
15531148
15528586
15528580
15526567
15517126
15509062
15503494
15493696
15488745
15484438
15484434
15472756
15460757
15460700
15460228
15455842
15455839
15367301
15364096
15361041
15360986
15360979
15360899
15360878
15360812
15360809
15360802
15360799
15360797
15360796
15360794
15360792
15360777
15360774
15360770
15360768
15357892
15324517
15324514
15324513
15319609
15298998
15281325
15276310
15227553
15217261
15204612
15189383
15187072
15187070
15187061
15182844
15175488
15171987
15139847
15139846
15139845
15139844
15139843
15139842
15127488
15126211
15120656
15112111
15109341
15103507
15090708
15062508
15058412
15057532
15030611
15026849
14992829
14980058
14976693
14971083
14971076
14971075
14763318
14728543
14728509
14728502
14728492
14728424
14728331
14728319
14728313
14728241
14728202
14728173
14728166
14728150
14728135
14728122
14727400
14707557
14703289
14702449
14692588
14687289
14686455
14679867
14679865
14664061
14664057
14664049
14664042
14664041
14664040
14660522
14654885
14650794
14632017
14628624
14626472
14619353
14619351
14572175
14570384
14567263
14564142
14558372
14552849
14519406
14504753
14503073
12971064
12957784
12952722
12925549
12925545
12909797
12909188
12909185
12909152
12908387
12874652
12874649
12869874
12865905
12856555
12846466
12810130
12810118
12807812
12807809
12801820
12764512
12645333
12640613
12632664
12622873
12602314
12578084
12578071
12578065
12574759
12574046
12544150
12542237
12520823
12509360
12509120
12507267
12501811
12467793
12463947
12463946
12463927
12463901
12463842
12463830
12463814
12458982
12454551
12453562
12453561
12399794
12389325
12375644
12371908
12365297
12365293
12243011
12195865
12152356
12140850
12134475
12122798
12121331
12078374
12061130
12061129
12047025
12028797
12026135
12026133
12026120
12018607
12004636
12003639
11974636
11873763
11856415
11842666
11837218
11825242
11825197
11825191
11825183
11825148
11813521
11789118
11776736
11776735
11776733
11761796
11761788
11734395
11729413
11720915
11706929
11680109
11673102
11665944
11604947
11604906
11604847
11604823
11604800
11604792
11604790
11604789
11604783
11604774
11604752
11604747
11604733
11581483
11577661
11575486
11560293
11482765
11475189
11467327
11455889
11452575
11422894
11417199
11411024
11398278
11348846
11292881
11259884
11259883
11259881
11253588
11239137
11234728
11230380
11223761
11201061
11187676
11187673
11187672
11187669
11187666
11187656
11187654
11187647
11185264
11207950
11155844
11143195
11141731
11130257
11125868
11094597
11080034
11079970
11079962
11079957
11079951
11079911
11079893
11079889
11079873
11079835
11067416
11067240
11003329
10978925
10978922
10977664
10974638
10961573
10961569
10848393
10837909
10837907
10827353
10824383
10816708
10805007
10757478
10725002
10725000
10724995
10724986
10719532
10719517
10710578
10710183
10674417
10662094
11104452
10628696
10624031
10623364
10622995
10619290
10588003
10587916
10572720
10566506
10566488
10566478
10566471
10566470
10566464
10566431
10566362
10566359
10566352
10566348
10566326
10550024
10538098
10528421
10522120
10520680
10516892
10507232
10471241
10471237
10442263
10442042
10435244
10394256
10387655
10384666
10384550
10384496
10351877
10350870
10338713
10338700
10345254
10338784
10193881
10094063
10094062
9929191
9929285
9929247
9929245
9929199
9923809
9917478
9876364
9860025
9850539
9812073
9794332
9794330
9794329
9745768
9726525
9700425
10185146
10185010
10181910
9609493
9540321
9502059
9506390
10177918
10177541
10177540
10176406
10177693
9435330
9403421
9370504
10178475
9342013
10175057
9357733
9357722
9357630
9357626
9357619
9357615
9357614
9336731
10179800
10179788
